0000003000
0000003000
0000033000
0000034444
0000030000
0000000005
0000000005
0002000005
0002000005
0000000005

0000000000
3330000200
0000000200
0000000050
0000000050
0044440050
0300000050
0300000050
0300000000
0000000000

0000300000
0000303000
0000303500
0000003500
0000000500
2000000504
2000000504
0000000004
0000000004
0000000000

0005000000
0005000000
0005000000
0035000000
0035000000
0030444400
0000000022
0000003000
0000003000
0000003000

0000000000
0000000000
3330000000
0000300000
0000300040
0000300040
0000000040
0000000040
0000000022
0000555550

0200000000
0200000000
0000040000
5555540030
0000040030
0333040030
0000000000
0000000000
0000000000
0000000000

0000000000
0000000000
0000000000
0000000000
0300555550
0300000000
0300044440
0000000000
0333220000
0000000000

0000000000
3000000000
3000022000
3000000000
0555550000
4444000000
0000000000
0000000000
0000000000
0000000333

0002200305
0000000305
4000030305
4000030005
4000030005
4000000000
0000000000
0000000000
0000000000
0000000000

0000000000
0000055555
0000000000
0033340000
0200040000
0200040000
0000040000
0000033300
0000000000
0000000000

0000000000
5000000000
5000000000
5000003330
5000000000
5000000000
0000003330
0000000000
0444402200
0000000000

0000000000
0000000000
5555500000
2033303000
2000003000
0000003000
0000000000
0000000000
0000000000
0044440000

3330000000
0000000000
0000444400
0000000000
0000005000
0000005000
3000005000
3000005000
3000005000
0000022000

0000000000
0000000000
0000555550
0000000000
0000000000
0000000220
4003330000
4030000000
4030000000
4030000000

0000000333
0000000000
0000000000
0000000333
4000500022
4000500000
4000500000
4000500000
0000500000
0000000000

0000000500
0033300500
0000000540
0000000540
0000000540
0000000040
2000000000
2000000000
0000333000
0000000000

0000000000
0300000000
0300000000
0300000000
5555500333
0400000000
0400000200
0400000200
0400000000
0000000000

0000033300
0000000333
0000055555
0000000400
0000000400
0000000400
0000020400
0000020000
0000000000
0000000000

0333000000
0000000000
0000000000
0000000400
0000000400
2250000400
0050000400
0050000000
0050000000
0050003330

0555550000
0000000003
0000000003
0000000003
0000000000
0022444400
0000000000
0000000000
0000003330
0000000000

0030030000
0030030000
0030030000
0000020000
0000020000
0000555550
0000000400
0000000400
0000000400
0000000400

0000000000
0000000000
0500000000
0503330000
0500000000
0500200000
0500200000
0000000000
0000444400
0000333000

0000000020
0000000020
0000000333
5555500000
0000000000
0000000030
0444400030
0000000030
0000000000
0000000000

0000000000
0050000000
0050000000
0050220000
0050000000
0050300000
4000303000
4000303000
4000003000
4000000000

0000003330
0000000000
0000000000
2005000000
2005000000
3005040000
3005040000
3005040000
0000040000
0000000000

0020000000
0020000000
3000000000
3000000000
3000000000
0400000000
0400000300
0400000300
0400000300
0005555500

0000030000
0000030000
0000030000
0000000000
0000000003
0000000003
5555500003
0000000000
0000000022
0000444400

0000000040
0000300040
0000300540
0000300540
0333000500
0000000500
0000000500
0000000000
0000200000
0000200000

0000000000
0033300000
0000044440
2200000000
0000050000
0000050000
0000050000
0000050000
0000050000
3330000000

0000000000
0000000000
0000000000
0000000000
0000000040
0000000540
0020000540
0023000540
0003000500
3333000500

0000000000
0000200000
0000200500
0000000500
4444000500
0000333500
0000000500
0000000000
0000000000
0000000333

0022000000
4500000000
4500000000
4500000000
4530300000
0530300000
0030300000
0000000000
0000000000
0000000000

0000000000
0000003330
0000000000
0000050300
0000050300
0000050300
0000054000
0000054000
0220004000
0000004000

0000000000
0000000000
0000000333
4000020000
4000020000
4003330000
4000000000
0000000000
0000000000
0000555550

0300000000
0300000000
0300003330
0000000000
0000020000
0000024000
5555504000
0000004000
0000004000
0000000000

0000000000
0000000000
5000000300
5000000300
5000000300
5000000400
5003000400
0223000400
0003000400
0000000000

0000000000
0000000000
0333000000
0000200000
0000200000
0000044440
3330000000
0005555500
0000000000
0000000000

0000000003
0000000003
0000000003
0000055555
0220000000
0000000000
0000000000
0000000000
0044440000
0003330000

0000000000
0500000000
0500000000
0500000200
0500000200
0500000000
0000000400
3300000400
3300000400
3300000400

2200000000
0000000000
0000050000
0000050000
0000050000
0444450000
0030050000
0030000000
0030000000
0003330000

0000000020
0000000020
0000000000
0000000000
3555550000
3000000030
3000000030
0000000030
0000044440
0000000000

0000000000
0030000400
0030500400
0330500400
0300500400
0300500000
0000500000
0020000000
0020000000
0000000000

0000000000
0000000000
0300000030
0300000530
0300000530
0000000500
0000000500
0000020500
4444020000
0000000000

0000000000
0000000000
0055555000
0333000004
0000000004
0000333004
0000002204
0000000000
0000000000
0000000000

3000000000
3000050000
3000050333
0220050000
0000050000
0000050000
0000040000
0000040000
0000040000
0000040000

0000004000
0050004000
0053004000
0053004000
0053000030
0050000030
0002200030
0000000000
0000000000
0000000000

0000000000
0000004444
0333000000
0000000000
0000005000
0000005000
3020005000
3020005000
3000005000
0000000000

0004444000
0000055555
0000000000
0002033300
0002000000
0000000000
3330000000
0000000000
0000000000
0000000000

0000000000
0030000000
0030000000
0030000000
0000000000
0044440000
0000000022
0000000000
0000003330
0055555000

0000000003
0000000003
0000000003
0000000000
0000004000
0000004000
0555554000
3000004000
3002200000
3000000000

0003000000
0003000000
0003000000
0000220000
0004000000
0004000000
3334000000
0004000000
0000000000
0055555000

0000040050
0000040050
0000040050
0022040050
0000000050
0000000000
0030000000
0030000000
0030000000
0000003330

4000000000
4000000000
4000000000
4000002000
0000002003
0000000003
0000000303
0000000300
0055555300
0000000000

0000000000
0000000000
0000000000
0000000000
0000022000
5000000000
5000044440
5300000003
5300000003
5300000003

0000050000
0000050000
0233350000
0204050000
0304050000
0304000000
0304000000
0000000000
0000000000
0000000000

0000000000
0000000002
0000000032
0000000030
0000000030
0000000000
5555504444
3330000000
0000000000
0000000000

0000040000
0000040000
0000040003
0000040003
0555550003
0000000000
0000000000
0000033300
2000000000
2000000000

0000000000
0000003000
0000003000
0000003000
0000500400
0000500400
0300500400
0300502400
0300502000
0000000000

0004444000
0000000000
0000000000
0000000000
0000000000
0005555500
0000000000
0000030030
0022030030
0000030030

0033300000
0000000000
0000000000
0000005000
0000005000
0000005000
0000005000
0003005000
0003444420
0003000020

0000000000
0000000000
0000300000
0000300000
0200300000
0200044440
0555550000
0000030000
0000030000
0000030000

0000000000
0000003330
0000000500
0000000504
0000000504
0220000504
0000000504
0000000000
0033300000
0000000000

0000000400
0220000400
0000000400
3000500400
3000500000
3000500000
0000500000
0000533300
0000000000
0000000000

0040000030
0040000030
0040000030
0040000000
0000000333
0000000000
0000000000
5555500000
0000022000
0000000000

0000000000
0000000000
0000000000
0002000000
4002005000
4333005000
4000005000
4000005000
0000005000
0000033300

0000000333
0000000000
0200000000
0205000030
0005000030
0005000030
0005000000
0005000000
0000000000
0000044440

0333000500
0000000500
2000000500
2000000500
0000300500
0004300000
0004300000
0004000000
0004000000
0000000000

0002200000
0000500000
0000500000
0000500333
0000500000
0000500000
0000000000
0000044440
0000000000
0033300000

0000000000
0000000000
0000000000
0000003330
0000000000
0000000000
0000000403
0000022403
0000000403
0555550400

0000000000
0000000000
0000500000
0333500000
0000530000
0004532000
0004532000
0004000000
0004000000
0000000000

4444000000
0000000500
0000000500
0000022500
0000000500
0000000500
3000000000
3000000000
3000000000
3330000000

0000000000
0005555500
0033300000
4444000000
0000000000
0000000000
0300000000
0302000000
0302000000
0000000000

0030000000
5030000000
5030000000
5000030000
5000030000
5000030022
0000000000
0000000000
0000444400
0000000000

0333000000
3330000000
0000000000
0000000000
0050000000
0050000000
0054444000
0050000000
0052200000
0000000000

2200400000
0000400000
0000400000
0000400005
0000033305
0000000005
0000000005
0000033305
0000000000
0000000000

0000000200
0000000200
0000300000
0000300000
0050300000
0050000000
0050000040
0050000040
0053330040
0000000040

0000044443
0000000003
0000000003
0000000000
0000000000
0000000050
3332200050
0000000050
0000000050
0000000050

0000000000
0000000000
0000000000
0000000000
0033300000
0000333040
0000000040
0005555540
0000200040
0000200000

0000000000
0000220000
0000000000
0000300000
0333355555
0000300000
0000000000
0000000000
0000000000
0044440000

0000000220
0000000000
0000000000
0555550000
0300000000
0344440000
0300000000
0033300000
0000000000
0000000000

0000000000
0000000000
0000033300
0004444000
0000000000
0000000000
2000000000
2003555550
0003000000
0003000000

0005000000
0005000300
0005000300
0005000300
0005220000
0000000400
0000000400
0000000400
0003330400
0000000000

0444400000
0000000000
0000033300
0055555000
0000000000
0000000000
0000022000
0000000300
0000000300
0000000300

0000000000
0000000000
0003000000
0403055555
0403000000
0400000000
0400000000
0000000000
0200000000
0200033300

0055555000
0000000000
0000000000
2244440000
0033300000
0000000000
0000000000
0030000000
0030000000
0030000000

0000000000
0005000000
0005000000
0005444400
0005000000
0005003300
0000003300
0000003322
0000000000
0000000000

0005000000
0005400000
0005400000
0005400000
0005400000
0000200000
0000200000
0000300000
0000303330
0000300000

0000220000
0000000000
0503330040
0500000040
0500000040
0500000040
0500000000
0000033300
0000000000
0000000000

0004000333
0004000000
0004003330
0004000000
0000000000
0000000000
0000000000
0000000000
0000220000
0005555500

0000000000
0000000000
0000000000
0000220000
0000030000
0000030000
0000030030
0555550030
4444000030
0000000000

0000000000
0000000003
3332000053
0002000053
0000040050
0000040050
0000040050
0000040000
0000000000
0000000000

0005555500
0000000000
0000000000
0033300304
0000000304
0200000304
0200000004
0000000000
0000000000
0000000000

3444400000
3555550000
3000000000
0000000000
0000000000
0000000000
0000000000
3002200000
3000000000
3000000000

0000000000
0000400000
0000400000
0500400000
0500403330
0500000000
0502200000
0500300000
0000300000
0000300000

0022000000
0000000000
0000005000
0000045030
0000045030
0000345030
0000345000
0000300000
0000000000
0000000000

0000033300
0000444400
5555500000
0033300000
0000000000
0000000000
0000000000
0000000000
0000000000
2200000000

0000000000
0033300000
0000000000
0003330000
0004000000
0504000000
0504002000
0504002000
0500000000
0500000000

0003330000
0000000000
0000000000
0003330000
0000000002
0500000002
0500000400
0500000400
0500000400
0500000400

0000000000
2000003050
2000003050
0000003450
0000000450
0000000450
0000000400
0000003330
0000000000
0000000000

0000000000
0000033300
0000000000
0000500000
0000500000
0300500000
0300500000
0300500000
0444400020
0000000020

0004000000
0004000000
0004000000
0004220000
0000000000
0000055555
0000000000
0000000000
0333000000
0000000333

0000000300
0000022300
0000000300
0000000000
0040000000
0040000000
0040000000
0040030000
5555530000
0000030000

0000400000
0000403000
0000403000
0000403000
0020000003
0020000003
0000000003
0005555500
0000000000
0000000000

0040000000
0040000000
0340000000
5340000000
5300000333
5000000000
5000000000
5220000000
0000000000
0000000000

0000000000
4000000000
4000000000
4000300000
4000300000
0000300000
0003330000
0055555000
0220000000
0000000000

0003330000
0000000000
0000020000
0050020000
3050000000
3050000000
3050000004
0050000004
0000000004
0000000004

0000000000
0000000000
2000000000
2000000000
4000000000
4000300000
4000300000
4000300300
0055555300
0000000300

0005000000
0005000040
0005000040
0005000040
0005000040
0000000300
0000000303
0000220303
0000000003
0000000000

0033300000
0000000000
4444000000
0000000000
0300055555
0300000000
0300000000
0000000000
0000000000
0000022000

3330000050
0000000050
0000000050
0000000050
0333200050
0000244440
0000000000
0000000000
0000000000
0000000000

0003000000
0003000000
0003000000
0000022000
4000000000
4000005000
4000005000
4000005000
0000005333
0000005000

0000003500
0000003500
0020003500
0020000500
0033300500
0444400000
0000000000
0000000000
0000000000
0000000000

4444000000
0000003000
0000003000
0000003000
0000003000
0000003000
0000003022
0000000000
0000000000
0055555000

0000000000
0000000000
0000000000
0000000004
0005555504
0000033304
0000030004
0000030000
0220030000
0000000000

0000000000
0000333000
0000000000
0000000000
3330000000
0000555550
4444000000
2200000000
0000000000
0000000000

0000000000
0004003330
0004002000
0004052000
0004050000
0000050000
0000050000
0000050000
0000000000
0003330000

0000000000
0000000000
0000333000
0000022000
0000333000
0000000000
0555550040
0000000040
0000000040
0000000040

0000000000
0000000000
5000000000
5000000000
5000000000
5000000000
5024000000
0024000003
0004003333
0004000003

0000000000
0220050003
0000050003
0000050003
0000050000
0033350000
0000000000
0000000000
0444400000
0000000000

0444400000
3330000050
0000000053
0000000053
2000000053
2000000050
0000000000
0000000000
0000000000
0000000000

0000000000
0000000000
0000000000
0000000000
0000000000
0000033300
0000044440
0000000333
2000055555
2000000000

0000000000
0000000000
0000000000
5555500000
0000030000
3000030000
3000030000
3000002200
0444400000
0000000000

0533300000
0500000000
0500000000
0500444400
0500000000
0000000300
0000000300
0002200300
0000000000
0000000000

0000004000
0003334000
0000004000
0000004000
0000000000
0000000003
0000022003
0000000003
0000000000
0005555500

0000000000
0000300000
0000300000
0000300000
0000003000
5555503000
0000003420
0000000420
0000000400
0000000400

0000000000
0000002000
0000002000
0000003000
0333003000
0050003000
0050000000
0050000000
0050044440
0050000000

0000005400
0333005400
0000005400
0000005400
0000005000
0000000000
0000000000
0030000000
0030000200
0030000200

0000000000
0000000000
0000000000
0000000000
0400000000
0400333000
0400000000
0402200000
5555500000
0000000333

0000050000
0000050000
0000050003
0000050043
0000050043
0000000040
0030000040
0032000000
0032000000
0000000000

0000000000
4030000000
4030000000
4030000000
4555550000
0000000022
0000300000
0000300000
0000300000
0000000000

0000000000
0000000000
0000000000
0005555500
0000000003
0000000003
0333000003
0000000000
0020044440
0020000000

0040000000
0040000000
0040030000
0040030000
0005030000
0005000333
0005200000
0005200000
0005000000
0000000000

0002230000
0000030000
0000030000
0000000000
0000000030
4000000030
4000000030
4000000000
4000000000
0555550000

0000000000
0055555000
0000000000
0000000040
0000000040
0000003040
0000003040
0020003003
0020000003
0000000003

0000000002
0000000002
3000000000
3000000300
3000000300
0000040350
0000040050
0000040050
0000040050
0000000050

0000000333
0000000000
5555500000
0000000000
0000044440
0000000000
0000000000
0000333000
0000200000
0000200000

0000002200
0000000000
0004444000
0000000000
0000000000
0000555550
0000000333
0000000000
0000000000
0333000000

0033300000
0555550000
0004000000
0004000000
0004000000
0204000000
0200000000
0003000000
0003000000
0003000000

0000000000
0000000000
0000400000
0322400000
0300400000
0300400000
0300055555
0300000000
0300000000
0000000000

0220000000
0400000005
0400000005
0400000005
0400000005
0033300005
3000000000
3000000000
3000000000
0000000000

0000000000
0000003330
0000030000
0000030000
0000030000
0000555550
0040000000
0040000000
0040000000
2240000000

0500000003
0500000003
0500000223
0500000000
0500000000
0400000000
0400000000
0400000003
0400000003
0000000003

0000000000
0000000000
0000000000
0000000003
0000002003
0500002003
0500003000
0500003000
0500003000
0504444000

0030555550
0030000000
0030000000
0000000000
0444400333
0000000000
0000000000
0002200000
0000000000
0000000000

0000000000
0500000000
0540000000
0540000333
0540000000
0540000000
0000000000
0000000333
0000000000
0220000000

0000003330
0044440000
0000000000
0000000000
0000033300
0005555500
0000000000
0000002200
0000000000
0000000000

0000000000
0000444400
0000333000
0000000005
0000000035
0000000035
0000000035
0000000005
0000000000
0000220000

0000000000
4000000000
4000050300
4000050300
4000050300
0000050000
0020050030
0020000030
0000000030
0000000000

0000000000
0000000000
0000020000
3330020000
0000000500
0000000500
4000000530
4000000530
4000000530
4000000000

0000000000
0000000003
0055555003
0000000003
3334000000
0204000000
0204000000
0004000000
0000000000
0000000000

0050000000
0050000000
0050000000
0053330004
0050000004
0002000004
0002000004
0000000000
0000000000
0000003330

0000000000
0530000000
0530000000
0530000000
0500000000
0500033300
0000220040
0000000040
0000000040
0000000040

0000055555
0000000000
0000300000
0000300000
0000322000
0000044440
0000000003
0000000003
0000000003
0000000000

0300000000
0300000003
0300000223
0000000003
0000000000
0000000005
0000000005
0000000005
0000000005
0444400005

0000044440
0000000000
0000000000
0000002200
0000050000
0000050000
3000050003
3000050003
3000050003
0000000000

0000003330
0000000000
0004000000
0204030000
0254030000
0054030000
0050000000
0050000000
0050000000
0000000000

0052000000
0052000000
0053330000
0050000040
0050000040
0000000040
0000333040
0000000000
0000000000
0000000000

0000000000
0055555000
0000000030
0000000030
0002200030
0040000000
0040000000
0040000000
0040000000
0000003330

0000003330
0000444403
0555550003
0000000003
0000000000
0000000000
0000000000
0000000000
0000002200
0000000000

0000000000
0000003330
0005555500
0000004000
0000004000
0000004000
0300004000
0300000000
0300000000
0002200000

0005555500
0000000220
0004444000
0000333000
0000003000
0000003000
0000003000
0000000000
0000000000
0000000000

0000000000
0000050000
0000050000
0043050000
0043050000
0043050000
0040220000
0000000333
0000000000
0000000000

0000003330
2004444000
2000000000
0000000000
0000000000
0033300050
0000000050
0000000050
0000000050
0000000050

0000000000
0040500000
0040500003
0040500003
0040500003
0030500000
0030000000
0030000000
0002000000
0002000000

0000000000
0000000000
0000024444
0000020000
0000300000
0333300000
0000300000
0000000000
0555550000
0000000000

0000000000
0000000333
0005555500
0000000000
0000000000
0000000000
2200000004
0003330004
0000000004
0000000004

0020000000
0020000000
0000000000
0000004444
0000000000
0055555000
0300000000
0300000000
0300003330
0000000000

0000000000
2200004000
0000004000
0000004000
0003004333
0003000000
0003000000
0055555000
0000000000
0000000000

0000000000
0033300000
0000030000
0000030000
0020030000
0020000000
0000400000
0000400000
0000400000
0000455555

0000005300
0200005300
0200005303
0000005003
0000005003
0000444400
0000000000
0000000000
0000000000
0000000000

0000000000
0033300000
0000000000
0000000000
0000000020
0000000020
0000004444
0000000030
0555550030
0000000030

0000000000
0000000000
0003330000
0000040000
0000040000
0005040000
2005043000
2005003000
0005003000
0005000000

0000004000
0000004000
0000004000
0000004000
0300000000
0300000000
0333300000
0005555500
0022000000
0000000000

0000000000
0000044440
5555500000
0000000333
0000000000
0000200000
0000200000
0000003330
0000000000
0000000000

0000004000
0000004000
0000004000
0200004000
0200555550
0030000000
0030000000
0030000000
0000000000
0000033300

0000030000
0005030000
0005030300
0005000300
0005000300
0005400000
0000400000
0000400000
0000400020
0000000020

0000000000
0000000000
0400000000
0400000000
0400000005
0422333005
0000000005
0033300005
0000000005
0000000000

0000000000
0000000000
0030000000
0030555550
2230000000
0000000000
0000000000
0000444403
0000000003
0000000003

0000000000
0033300000
3000555550
3000000040
3000002040
0000002040
0000000040
0000000000
0000000000
0000000000

0000000000
0000000000
0000000000
0055555000
0000000022
0000004444
0333003000
0000003000
0000003000
0000000000

0000000000
0000030000
0000030022
0000030000
0400000000
0455555000
0400000000
0403000000
0003000000
0003000000

0030000000
0030000000
0030000000
0230000000
0230055555
0030000000
0000000000
0000004444
0000000000
0000000000

0000000000
0000000000
0200444400
0200005000
0000005000
0000005000
0003005000
0003005000
0003000000
0003330000

0220003334
0033300004
0000000004
0000005004
0000005000
0000005000
0000005000
0000005000
0000000000
0000000000

0000000000
0500333000
0500000000
0500000000
0502200000
0500000000
0000444430
0000000030
0000000030
0000000000

0003040000
0003040000
0003340000
0000340000
0050300000
0050000000
0050220000
0050000000
0050000000
0000000000

0000000000
0000000000
0000000004
0000000004
0000000004
3330000004
0333555550
0000000000
0000020000
0000020000

0000000020
0000000020
4000000000
4000350000
4000350000
4000350000
0000350000
0000350000
0000300000
0000000000

0000000000
0000000000
0555550000
0000000000
0004444000
0000000000
0220000000
0000000000
0333000000
0000000333

0000000000
0000000000
0000000000
0200340000
0200340000
0000340000
0000040000
0005555503
0000000003
0000000003

0000000000
5555500000
0030000000
0030000000
0034444002
0000000002
0000000000
0333000000
0000000000
0000000000

0000040000
0000040000
5000040000
5000040000
5000000000
5000000000
5000220000
0000003330
0000003330
0000000000

0044440000
0000000000
0000000000
0035555500
0030333000
0030000000
0000000220
0000000000
0000000000
0000000000

0000000000
0003330333
0000000000
0000000000
0000005040
0000005042
0000005042
0000005040
0000005000
0000000000

0000004444
0333000000
3330000000
0000000000
0000000000
0200000000
0200000000
0000555550
0000000000
0000000000

0005555500
0000000000
0000000000
0000000000
0000000020
0000000020
0300044440
3300000000
3300000000
3000000000

0020000000
0020000000
0033300000
0000033300
0000000000
0000000000
5555544440
0000000000
0000000000
0000000000

0000000000
0003000000
0003000002
0003000002
0444430000
0000030000
0000030000
0000000000
0055555000
0000000000

0000000000
0000000000
0000000000
0000555550
0000000004
2200033304
0000000004
0000000004
0000000000
0000003330

0000000000
0350000000
0350000300
0350000300
0050000300
0050000000
0000000000
0002200000
0000000000
4444000000

0000000000
0000055555
0000000000
4000220000
4000000000
4030000333
4030000000
0030000000
0000000000
0000000000

0000000400
0000000400
0000000400
0000000400
0000220000
0000000000
3000000000
3000000000
3000033300
0000555550

0000000000
0000055555
0000000000
0000220000
0000000000
0000333000
0000000040
0300000040
0300000040
0300000040

0000000000
0000000000
0000000000
5555522000
0000000000
4000000000
4033300000
4000333000
4000000000
0000000000

0000000000
0444400000
0000000000
0000055555
3330000000
0020000000
0020000000
0000000000
0000003330
0000000000

0000000020
0044440020
0000000000
0000000000
0000000050
0300000050
0300000050
0300000050
0000000050
0003330000

0000200000
3000200000
3000000000
3000003000
0000003000
4444053000
0000050000
0000050000
0000050000
0000050000

0000003000
5000223000
5000003000
5000000000
5000000000
5000000000
0000000400
0000000403
0000000403
0000000403

0000000000
0000555550
0400000000
0400000000
0400000000
0400000000
0032000000
0032000030
0030000030
0000000030

4444000333
0002233300
0000000000
0000000000
0000000000
0000000000
0000000000
0000000000
0000055555
0000000000

0000000000
0000000000
0000050000
4000050000
4033350000
4000050000
4000050000
0000000000
0000333000
0220000000

0000300000
0000300000
0300300000
0300040500
0300040502
0000040502
0000040500
0000000500
0000000000
0000000000

0000000004
0000000004
5000000004
5000000004
5003000000
5003000000
5003002200
0003330000
0000000000
0000000000

0000030333
0000034000
0000034000
0000004000
0000004000
0000000020
0000000020
0000000000
0000000000
0000555550

0000000000
0000003330
0000000000
0000000000
0000000000
0004000000
0004000000
3204000000
3204000000
3005555500

0000000000
0033300000
0000000333
0000000000
0200000000
0200000000
0000044440
0055555000
0000000000
0000000000

0333350000
0322050000
0300050000
0000050000
0000050000
0000000000
0000000000
0004444000
0000000000
0000000000

0000000000
0000000000
0000000000
0055555000
0000000300
0004444300
0000000300
0000000000
0000220000
0000333000

0000000333
0000000000
0000555550
3000000002
3000000002
3000000000
0000000000
4444000000
0000000000
0000000000

0000000000
0020000000
0020000000
0000000000
0004500000
0004500000
0004500003
0004500003
0000500003
0000033300

0003330000
0000000000
0000224000
0000004000
0000054000
0000054003
0000050003
0000050003
0000050000
0000000000

0000003000
0000003000
0050003000
0050000000
2250000000
0050300000
0050300000
0000304444
0000000000
0000000000

0000300000
0000300000
0000300050
0000000050
4444000050
0000033350
0000000050
0000000000
0000000022
0000000000

0000003330
0000000000
0000555550
0000000000
0000000333
0000000000
0000000000
0000002000
0000002000
4444000000

0000000000
0033300000
0000444400
0000500000
0000500000
0030500000
0030500000
0030500000
0000000220
0000000000

0000000022
0000000000
3330000000
0044440000
0000000005
0000000005
0000000005
0003330005
0000000005
0000000000

3330000000
0000000000
0000000000
0055555000
0000000000
0000000000
0000220000
0000444400
0000000000
0003330000

0005220000
0005000000
0005000000
0005000000
0005000000
0030000000
0034444000
0030000000
0000000000
0000000333

0000000000
0055555000
0000000000
0000000333
0000000000
0000200000
0000200000
3330000000
0000004444
0000000000

0000555550
0000400000
0000403000
0000403000
3000403000
3000220000
3000000000
0000000000
0000000000
0000000000

0000000000
0002050000
0002050000
0000050000
0000050000
0000050003
0000000003
0000333003
0004444000
0000000000

0000000000
0000003330
0000000000
0000000000
0000000000
0000444400
0000000000
0000000000
0005555500
0000022333

0000055555
0000000000
0033300000
0000000000
3330000000
0000000000
0002200000
0000000000
0004444000
0000000000

0000000000
0000000000
0000000000
5555500000
0000444400
2200000000
0003003000
0003003000
0003003000
0000000000

0000000000
0500000000
0504000000
3504000000
3504000000
3504000000
0000030000
2000030000
2000030000
0000000000

0000000000
4444005000
0000005000
0000005000
0000005000
0000005000
0000033300
0000000000
0003330000
0000022000

0000000000
0000040050
0000040350
0000040350
0000040350
0000000050
0200030000
0200030000
0000030000
0000000000

0000000000
0000000500
0000002500
0003332500
0000000500
0000000500
0000000000
3330000000
0000044440
0000000000

0000022000
0003330000
0000000000
0035555500
0030000000
0030000000
0000000000
0000044440
0000000000
0000000000

0000000000
0000000000
0000000000
0000003000
0033353000
0000053000
0000050000
0000050000
0444452000
0000002000

0000000000
0000555550
0000000004
0000000004
0000000004
0000000034
0000000030
3000000030
3000000002
3000000002

0040000000
0040033300
0040000000
2240055555
0000000030
0000000030
0000000030
0000000000
0000000000
0000000000

0000000000
0000000000
0044440000
0000000300
0000500300
0000500300
0000500220
0000500000
0000500000
3330000000

0000000000
5555500000
0000000000
0000000000
0000000000
0403000000
0403000000
0403200000
0400200333
0000000000

0000003330
0000000000
0000000000
0000000500
0003330500
0000000500
0000000500
0004444500
0000000000
0220000000

0000220000
0000000000
0300000333
0300000000
0300000000
0055555000
0000000000
0000000000
0000000000
0000044440

0000000000
0000000000
0000033300
0000000000
0000000000
0003330000
0000004444
0000000000
2200000000
0000055555

0000000000
0500000000
0504444000
0500000000
0500000000
0500000000
0000000000
0000000000
0333000000
0000333022

0000000000
0000000000
0055555302
0000000302
0000000300
0000000333
0000000000
0000000000
0000000000
0004444000

0000000002
0000000002
0000000000
4444000000
3330000000
0300000000
0300000000
0300000000
0000000000
0000055555

0000003000
0000003000
0003003000
0003000000
0003002000
0000002000
4444000000
0000000000
0000555550
0000000000

0000000333
0000300000
0000300000
0000300000
5555500000
2000000000
2000000000
0000000000
0000000000
0004444000

0000000000
0000000000
0000000003
0000000003
0050444403
0050000000
0050333000
0050022000
0050000000
0000000000

0022000000
0444400000
0333000000
5000000000
5000000000
5000000000
5000000000
5000000000
0033300000
0000000000

0000000500
0000000500
3330020500
0000020500
0000000500
0000044440
0000000000
0333000000
0000000000
0000000000

0000000000
0033303000
0500003000
0500003000
0500000000
0500044440
0500000000
0200000000
0200000000
0000000000

0000000000
0000444400
0333000000
3330020000
0000020000
0000000000
0000000000
0000000000
0005555500
0000000000

0000003000
0000003000
0000003000
0000030000
0000030000
0020030040
0020000040
0055555040
0000000040
0000000000

0000002200
0000300000
0000300000
4444300000
0000000000
3330000000
0000000000
0000000000
0555550000
0000000000

0000000000
0000004000
0000004000
3330004000
0005004333
0005000000
0005022000
0005000000
0005000000
0000000000

0000000000
0000000000
0000000050
0000000050
0000000050
0003330050
0000220050
0003000000
0003044440
0003000000

0000000000
0220000000
0000000000
0000500000
0400530000
0400530000
0400530000
0400500000
0000000000
0000033300

0000000000
0000000000
0000000003
0000004223
0050004003
0050004300
0050004300
0050000300
0050000000
0000000000

0000000000
0000000000
0000500000
0000500000
0000500000
4000500000
4000500000
4030000003
4030200003
0030200003

0000000000
0020050000
0020050000
0000050000
0000050000
0000350300
0000300300
0000300300
0000000000
0000004444

0000000000
5000000220
5000003330
5000300000
5000300000
5000300000
0000000000
0444400000
0000000000
0000000000

0000003330
0000000000
2000000000
2000000000
5000000000
5000000030
5000000030
5000000030
5004444000
0000000000

0000000000
0444400220
0003000000
0503000000
0503000000
0500000000
0500003000
0500003000
0000003000
0000000000

4000000000
4000000000
4000000000
4055555000
3000000000
3000000003
3000000003
0002000003
0002000000
0000000000

0033300000
0000000000
0000400000
0000400000
0000400050
0000400050
0033300050
0000000050
0220000050
0000000000

0000050000
0000050000
3330050000
0004050000
0004050000
0004030220
0004030000
0000030000
0000000000
0000000000

0000000400
0000000400
3330030400
0000030400
0050030000
0050000000
0050000000
0050002200
0050000000
0000000000

0000000000
0033300000
0000000003
0000000003
0000000003
0000002200
0000004444
0000000000
0000000000
0000055555

0000000000
0055555230
0000000230
3000000030
3000000000
3000000000
4444000000
0000000000
0000000000
0000000000

0033350000
0000050000
0000050000
0000050000
0000050000
0000400000
0000400000
0000400300
0220400300
0000000300

0000003000
0004003000
0004003333
0004000000
0004000000
0555550000
0000020000
0000020000
0000000000
0000000000

0000000000
0050003000
0050003000
0050023000
0050020000
0050000430
0000000430
0000000430
0000000400
0000000000

0000000000
0400000000
0400000000
0430055555
0430002200
0030000000
0000030000
0000030000
0000030000
0000000000

0000000000
0000000000
0000003330
2000503000
2000503000
0000503000
0000500000
0000500000
0000000000
0444400000

0030000000
0030002200
0030000000
0000000000
0000000000
0000000000
0000000000
0555550000
0000000000
0003334444

0003330000
3330000000
0000000000
0005555500
4000000000
4200000000
4200000000
4000000000
0000000000
0000000000

0000004300
0000004300
0000004300
0000004000
0000000005
0000300005
0000300005
0000320005
0000020005
0000000000

0004000000
0004000000
0054000000
0054000000
0050030000
0050030000
0050030000
0033300000
0000000000
0022000000

4050000000
4050000000
4050000000
4050000000
0050000000
0000000000
0000000000
0002200030
0000000030
0000333030

0000000000
0000000000
5555500000
0000000000
0000000000
0030000000
0030000000
0030444400
2200000000
0333000000

5555500000
0000000003
0000000003
0444400003
0000000000
0000000030
0000000030
0000000030
0000002200
0000000000

0000000000
0003330000
0000444400
0000000000
0333000000
0220000000
0000000000
0000000000
0000000000
0000055555

0000003000
0000003220
0000003000
0000000400
3000000400
3500000400
3500000400
0500000000
0500000000
0500000000

4444000000
0000000000
0000000333
0000000000
0220000050
0000000050
3000000050
3000000050
3000000050
0000000000

0033300000
0000000000
5555500000
0000000000
0000044440
0000000000
0000000000
3000000000
3022000000
3000000000

0000000000
0000000000
0000000000
0000500000
0000500333
0220500000
0030504000
0030504000
0030004000
0000004000

0030055555
0030004444
0030000000
0000000000
0000000000
0000000000
0000033300
0022000000
0000000000
0000000000

0000000000
0000005000
0000005000
0000405000
0000405000
0000435000
0300430000
0300030000
0300000000
0000000022

0000000000
0044440000
0003335000
0000005000
0000005000
0000005000
0000205000
0000200000
0000033300
0000000000

0000000000
0000000000
4444000000
0000000000
0022000000
5033300000
5000000000
5000000000
5000000333
5000000000

0000000000
0055555000
0000000000
0003330000
0000000000
4000000020
4000000020
4333000000
4000000000
0000000000

0000003000
0000003000
0000003205
0004000205
0004000005
0034000005
0034000005
0030000000
0000000000
0000000000

0000000000
0000055555
0000000004
0000000304
3330000304
0000000304
0000000000
0000020000
0000020000
0000000000

0000000000
0000333000
0000000000
0000000000
0033300000
0000000000
0005555500
0002200000
0000000000
4444000000

0000030300
0000030300
0000030300
0000000000
0000000000
0000000000
0000055555
0000044440
0000000000
0000002200

2200000000
0000000000
0000000000
3330000000
0054444000
0050000000
0050000000
0050333000
0050000000
0000000000

0400000000
0400000000
0403330000
0400003000
0000003000
0000003000
0055555000
0000000020
0000000020
0000000000

0300000000
0300000000
0300000000
0003005000
0003005000
0003005000
0000045000
0000045000
0002240000
0000040000

0000005000
0000005000
0000005000
0033305000
0000005000
0040000022
0040000000
0040000000
0040000333
0000000000

0000300000
0000300000
0000300040
0000000042
5555500042
0000000040
0000000000
0000000000
0000333000
0000000000

0000223330
0000003000
0000003000
0000003000
0000000000
0000000000
0040555550
0040000000
0040000000
0040000000

0040300000
0040300000
0040302200
0040000000
0000055555
0000000000
0000000000
0000030000
0000030000
0000030000

0000000000
0000000000
0003330000
0000000000
0000555550
0000000000
0220040000
0000040000
3330040000
0000040000

0400000000
0400000000
0400000000
0400000000
0000000003
0000003503
0000003503
0020003500
0020000500
0000000500

0033300000
0555550000
0000000000
0000000220
0000033304
0000000004
0000000004
0000000004
0000000000
0000000000

0300000000
0344440000
0300000000
3000220000
3000000000
3050000000
0050000000
0050000000
0050000000
0050000000

0000000030
5000000030
5000220030
5000000000
5000033300
5000000000
0000000000
0444400000
0000000000
0000000000

0000444400
0000000000
0200000030
0200000030
0000000030
0000000000
0005555500
0000000000
0000033300
0000000000

0000022000
0000000000
0000000000
0000000000
0000000030
0043005030
0043005030
0043005000
0040005000
0000005000

0000000000
4000000000
4220000333
4000000000
4000000000
3330000000
0005555500
0000000000
0000000000
0000000000

0000000500
0000000500
0444400500
0002200503
0000000503
0000000003
0000000000
0000333000
0000000000
0000000000

0000000000
0000000000
4444000000
3000002000
3000002000
3033300000
0000000000
0000055555
0000000000
0000000000

0000000030
0005000030
0005000030
0005000000
0005000000
0005000000
0002200000
4444000000
0000000000
0000033300

0000000000
0000003330
0022000000
0000000000
0000050000
0000050000
0000050004
0000050004
0000050004
0333000004

0000000000
2200000000
0000000000
0000000000
0033300000
0000000000
0555550040
0000000040
0000000040
0033300040

0000055555
0000022000
0000030000
0000030000
0000030000
0000004444
0000000000
0000000000
0000000000
0000003330

0000030000
0000030000
0000030000
0000000000
0000044440
0000000022
0000003330
0000000000
0005555500
0000000000

0000220000
0333000000
0000000000
0000000005
0000000005
4000000035
4000000035
4000000035
4000000000
0000000000

0000000000
0000033300
0000000000
0000000000
0225044440
0005003000
0005003000
0005003000
0005000000
0000000000

4003330000
4000000000
4000000000
4000000000
0000050000
0000050030
0000050030
0000050230
0000050200
0000000000

0000000000
0000000000
0000004005
0000004005
0020004005
0020004005
0000000035
0000000030
0333000030
0000000000

0000300220
0000300000
0000300050
0000000054
0000000054
3330000054
0000000054
0000000000
0000000000
0000000000

0000030000
0020030000
0020034444
3000000000
3000000000
3000000000
0000000000
0000000000
0000000000
5555500000

4444000000
0000000000
0000000000
0000055555
0333000000
0000000000
3000000000
3000000000
3000020000
0000020000

0000000005
0000000005
3000000005
3044440005
3000000005
0000000000
0333000000
0000000000
0000022000
0000000000

0000000000
2200033300
0005555500
0004444300
0000000300
0000000300
0000000000
0000000000
0000000000
0000000000

0000000000
0000000000
5000000003
5000000003
5000000043
5220000040
5000000040
0333000040
0000000000
0000000000

0000002000
0000002000
0055555000
0000400000
3000400000
3000400000
3000400000
3330000000
0000000000
0000000000

0000003000
2000003000
2000003000
0000000000
0000040000
0000040500
0000040500
0000040500
0000000500
0033300500

0000000400
0220000400
0300050400
0300050400
0333350000
0000050000
0000050000
0000000000
0000000000
0000000000

0000000000
0000044440
0000000000
0030000000
0030000000
0030000000
0055555000
0000000300
2200000300
0000000300

0000000000
0000030000
0000030000
0022030000
0000000030
0000000030
0000000030
0000055555
0000000000
0000044440

0000000000
0000000000
2003330000
2300000000
0300000000
0300000000
0000000000
0044440000
0000000000
0055555000

0000000000
0004003000
0004003000
0004003000
0004000000
0333200000
0000200000
0000000000
0000000000
0005555500

3000000000
3000040050
3033340050
0000040050
0000040050
0000000050
0000000000
0000000000
0000000220
0000000000

0000555550
0000000000
0000000000
0000000000
0000000000
0000000000
0000022000
4444033300
0003330000
0000000000

0000000000
0000000000
0555550000
0033300000
3000002000
3000002000
3444400000
0000000000
0000000000
0000000000

0000000000
4444220000
0000000000
0000055555
0000000000
0000000000
0000033300
0033300000
0000000000
0000000000

0000000000
0000000000
0000055555
4444000000
0000300000
0000300022
0000300000
0000000000
0000000000
0000333000

0500000000
0500000003
0500044443
0500000003
2500033300
2000000000
0000000000
0000000000
0000000000
0000000000

0000000000
0025555500
0020000000
0000000000
3000003330
3000044440
3000000000
0000000000
0000000000
0000000000

0000000000
0000000000
0500004444
0500000000
0500000333
0500000022
0500000000
0033300000
0000000000
0000000000

0000000000
0000333000
0000000000
0220000000
0004444000
0000000000
0000003330
0000000000
0000055555
0000000000

0000000000
0000000043
0000000043
0000333043
0050002240
0050000000
0050000000
0050000000
0050000000
0000000000

0000003330
0000004000
0000004000
0000004500
0000204500
0000200500
0000000500
0000000500
0000333000
0000000000

0033300000
0000000000
0000000000
0000000022
4444000000
0000000000
0000000000
0555550300
0000000300
0000000300

0000000000
0005000003
0005000003
0005004033
0005004030
0005004030
0000004000
0000000000
0000022000
0000000000

0000000000
2200000000
0333055555
4444000000
0000000000
0000000000
0000000000
0000000000
3330000000
0000000000

0044440000
0000000000
0000000000
0000000000
0005555500
0000000000
0000000000
3330000000
3330000000
0220000000

0000033300
3330000400
0000000400
0000200400
0000200400
0055555000
0000000000
0000000000
0000000000
0000000000

0500000030
0500000030
0500000030
0500000003
4500000223
4000000003
4000000000
4000000000
0000000000
0000000000

2200005000
0000005300
0000005303
0000005303
0000005003
0000000000
0000000000
0000000000
0000000000
0000004444

0000000000
0000000000
0000000000
0000000000
0000040000
0005040003
0005040003
0305040003
0305000022
0305000000

0020000000
0020000000
5555500000
0000000000
0004000333
0004000333
0004000000
0004000000
0000000000
0000000000

0000000000
0300000000
0300044440
0300000000
0000005000
0000005000
0000305000
0000305000
0220305000
0000000000

0000002200
0000000000
0000000000
0000000000
5555500000
0000000000
0000000000
0000044440
0333000000
0333000000

3335000000
0005000000
0005000000
0005000000
0035000000
0030000000
0030000040
0000000040
0000022040
0000000040

0000000000
0000000000
0005000000
3005000000
3005044443
3005000003
0005220003
0000000000
0000000000
0000000000

2000000000
2400055555
0400000000
0400000000
0400003330
0000000000
0000000333
0000000000
0000000000
0000000000

0000000000
0333500220
0004500000
0304500000
0304500000
0304500000
0000000000
0000000000
0000000000
0000000000

0000000333
0000000000
0000000000
0000000000
0002200000
0000000000
0000000000
4444555550
0000000000
0000333000

0000000000
0000000000
0000000000
0000000000
4444000000
0000000000
0000000200
0000333203
5555500003
0000000003

0033300000
0000000000
0000005300
0000005304
0000005304
0000005004
0000005004
0000022000
0000000000
0000000000

0000000000
0000000000
0000000000
2050000000
2050000000
0050003330
0050000400
0050000403
0000000403
0000000403

0000000000
0040000000
0040000000
0040000000
0040000000
0000333000
3000000000
3000055555
3002000000
0002000000

0220000000
0000000000
0000000000
0000000300
0000333300
0000000304
5555500004
0000000004
0000000004
0000000000

0000000000
0000000000
0000044440
0000000000
0300000000
0302203000
0300003000
0000003000
0000000000
0005555500

0000000000
0005555500
0000000000
0000000000
0002200030
0000000030
0000000030
0000000000
0000033300
0044440000

0000004444
0000005000
0000305000
0000305000
0000305000
0000005000
0000000333
0000000022
0000000000
0000000000

0400000000
0400000000
0400333000
0400000000
0030000000
0030000220
0030000000
0000000000
0000055555
0000000000

0000000000
0000300000
0000300000
0000300000
5000000000
5000000004
5000003004
5022003004
5000003004
0000000000

0000000000
3330300000
0000300022
0000300000
0000000000
5555500000
0000000000
0000000000
0000000000
0000044440

0030000000
0035555500
0030000000
0400000000
0400000000
0400000000
0400000000
0000333000
0000000000
2200000000

0000000000
0040000333
0040000220
0040000000
0040000000
0000503000
0000503000
0000503000
0000500000
0000500000

0000000000
0000333005
0000000225
0000000305
0000400305
0000400305
0000400000
0000400000
0000000000
0000000000

0000000000
3000000000
3000000000
3055555000
0000000000
0000000000
0000000000
0000002333
0444402000
0000000000

0000030000
0000030000
0000030005
0000000005
0002200005
0000444405
0000000005
0000000000
0000000000
0000000333

0000000000
0000555550
0000000000
0000000000
0000000000
0240000030
0240000030
0040000030
0040000000
0000000333

0005000000
0005020000
0005020003
0005000003
4005000003
4000000000
4000000000
4000003330
0000000000
0000000000

0000000000
0000000300
0000000300
0000220300
0005000000
0005000000
0005030040
0005030040
0005030040
0000000040

0220000500
0000000500
0033300500
0000000500
0000000500
0000044440
0000003000
0000003000
0000003000
0000000000

0000000000
0000044440
0300000003
0300000003
0300000003
0005555500
0000000000
0000000000
0000000000
0002200000

0000000000
0000000000
0000000000
3000000400
3000000400
3000000400
0000000420
3000000020
3000000000
3000055555

0000000000
2200000000
0000000000
0000000000
0000003330
0350000000
0350000400
0350000400
0050000400
0050000400

4444000000
0000000000
0000000000
0050000000
0050000000
0050000000
3050000333
3050000000
3220000000
0000000000

3000000000
3000000000
3500033300
0500000000
0500000000
0500000220
0500000000
0000000000
0000444400
0000000000

0000003000
0003333000
0000003000
0000000000
0000000000
0004444000
5555500022
0000000000
0000000000
0000000000

0000000000
0000000000
0000000000
0344440050
2303330050
2300000050
0000000050
0000000050
0000000000
0000000000

3330000000
0000000003
0000000003
0000000003
0000000000
0000050000
0000050000
0000050022
0000050000
4444050000

0000003330
0555550000
0000000000
0003200000
0003200000
0003000000
0000000000
0000044440
0000000000
0000000000

0000000000
0004444000
0000000000
0000050000
0000050000
0003050000
0003050000
0223050000
0000000000
3330000000

0000000000
0000000000
0000000000
0000000002
0000033302
0000000333
0044440000
0000000000
0555550000
0000000000

0000000000
3334444000
0000000000
0000000000
0003330000
0000000005
0000000005
0000000005
0200000005
0200000005

0000000000
0000000000
0033300022
0000000000
0000000000
0005555500
0040000000
0040030000
0040030000
0040030000

0000000000
0000000000
0000000000
2200003000
0333003000
4000003000
4000000000
4555550000
4000000000
0000000000

0000000000
0000000000
0000004444
0000000000
0000333000
0000000020
0000000020
0000033300
0000555550
0000000000

2000000000
2044440000
0000000000
0000000000
3005555500
3000000000
3000000000
0000000000
3330000000
0000000000

0000033300
0004000000
0004030000
0004030000
0004030000
0000555550
0000000000
0000000000
0000000000
0000002200

0300000000
0300000000
0300002200
0000000000
0000000000
0555550000
0000000003
0000000003
0000444403
0000000000

0000000000
3330000000
0000000000
0000000000
0000033300
0020000000
0020000000
0000004444
0000000000
0055555000

0002230400
0000030400
0000030400
0000000405
0003000005
0003000005
0003000005
0000000005
0000000000
0000000000

0000000000
3330000000
0000000000
0000000000
5555500300
4444000300
0000000300
0000000220
0000000000
0000000000

0000033300
0000000003
0000000003
0000000003
0000000000
0200400000
0200400000
0000455555
0000400000
0000000000

0000000000
0000000000
0444405000
0003335000
0000005000
0000005000
0033305000
0000002000
0000002000
0000000000

0000000000
0000000000
0000000000
0055555000
0000000000
0000004444
0300033300
0300000000
0300002200
0000000000

0000000000
0000000000
0000000000
0000000000
0003000000
3333002200
0003000000
0005555500
0004444000
0000000000

0000000000
0004444000
0000000000
0000000050
0000000050
0000302050
0000302050
0000300050
0000000333
0000000000

0040000000
0040000000
0040000000
0040000000
0555550000
0033300000
0000000022
0003000000
0003000000
0003000000

0004000000
0004000000
0004000000
0304000000
0320000003
0320000003
0000000003
0000000000
0000000000
0555550000

0000000000
5555500000
3330000220
0000044440
0000000000
0000000000
0000000000
0000000000
0000000000
0000003330

0000000000
0005555500
0000200000
0003200000
0003000000
0043000000
0043000000
0043000000
0043000000
0000000000

0000000000
0000030000
0000030000
3000030000
3555550000
3000000220
0000000000
0000000000
0000044440
0000000000

0000000000
0000000400
0020000400
0020000400
0000000400
0000000000
0003330000
0000333000
0000000000
5555500000

0000030000
0000030000
0000030000
0000050000
0000250000
0000250000
0000050000
0000050000
3330004444
0000000000

0005220000
0005000000
0405000003
0405000003
0405000003
0400000000
0000300000
0000300000
0000300000
0000000000

0000000000
0400000000
0422000000
0400000000
0400000000
0000500000
0000530000
0000530000
0000530000
0333500000

0004444000
0033300000
0033300000
0000000022
0000000000
0000000000
0000055555
0000000000
0000000000
0000000000

0000000000
0000000000
0333022000
0000000000
0000000000
0500000000
0500003000
0544443000
0500003000
0500000000

0000000000
0033300000
5555500000
0003330000
0000000000
0000004000
0000024000
0000024000
0000004000
0000000000

0044440005
0000000005
0000000005
0000300005
0000300005
0000300000
0003000000
0003000000
0003020000
0000020000

0000333000
0000000000
0000000000
0000000000
0000030500
0400032500
0400032500
0400000500
0400000500
0000000000

0000000000
0000000000
0000000000
0000000000
0033340000
0033340000
0000040000
0000040000
0005555500
0000220000

0000500000
0000504000
0200504000
0200504003
0000504003
0000000003
0000000000
0000000000
0033300000
0000000000

0000000000
0000000333
0000000000
0000050003
0400050003
0400050003
2400050000
2400050000
0000000000
0000000000

0000000000
0000000000
0000050300
0000050322
0000050340
0000050040
0000050040
0003330040
0000000000
0000000000

0000000000
0400050000
0400050023
0400050023
0400050003
0000050003
0000000003
0000000003
0000000000
0000000000

0000000000
0000220000
0000050000
0000054444
0000050300
0000050300
3000050300
3000000000
3000000000
0000000000

0003330000
0000000000
0000000223
0000000053
0000000053
0000000050
0004000050
0004000050
0004000000
0004000000

0000000000
0000030000
0000030000
0000030000
0030000000
0030002000
0030002000
0000000000
0000055555
0000044440

0000000000
0000000000
3000444400
3000055555
3000000300
0000000300
0000000300
0000002000
0000002000
0000000000

0000000000
0555550000
0033300000
0030000000
0030000000
0030000000
0040000000
0040020000
0040020000
0040000000

0033300000
0000000000
0004000000
0004000000
0004000000
0004000030
0000000030
0000220030
0005555500
0000000000

0000500000
0000520000
0000520000
0000500030
0000504030
0000004030
0000004000
0000004000
0000000000
0033300000

0022000000
0000000000
0333000000
4000000000
4000005000
4000005300
4000005300
0000005300
0000005000
0000000000

0000000350
0000030350
0000030350
0000030050
0000000050
0000040000
0000040000
0000040200
0000040200
0000000000

0000000000
0044440000
0300000000
0300000050
0300000050
0002200050
0000000050
0000000050
0000000000
0033300000

0044440000
0000000003
3330000003
0555550003
0020000000
0020000000
0000000000
0000000000
0000000000
0000000000

3330050000
0000053000
0000053000
0000053000
0000050000
0000004000
0000004000
0000004000
2200004000
0000000000

0000020000
0000020000
0000000000
0000000000
0000000030
0000000030
0044440030
0000555550
0000000000
0033300000

0000000000
0000000002
0000555552
0000000000
0000300000
0000300000
0333300000
0000000000
0444400000
0000000000

0000000000
0000004000
0000004000
0000004000
3033304000
3000000000
3000220000
0000000000
0000000000
0055555000

0030000000
0030000000
0030444400
0000000020
0000000020
0000033300
0000000000
0000000000
0000555550
0000000000

0000000030
0000444430
0000000030
0000555550
0000000000
0000000000
3330000000
0000000000
0000000000
0000000220

0005000000
0005000000
0005000000
0005000000
0005000000
0003000000
0303000000
0303000000
0300000200
0004444200

0000000330
0000000330
0000000330
0005444400
0005000020
0005000020
0005000000
0005000000
0000000000
0000000000

0000000200
3000000200
3000000000
3000000000
0000000000
0000000000
0000003000
5555503000
4444003000
0000000000

0000000000
0000000000
0005555500
0000233300
0000200000
0000000000
0000003004
0000003004
0000003004
0000000004

0000030000
0333030000
0000030000
5555504444
0000000002
0000000002
0000000000
0000000000
0000000000
0000000000

0003330000
0055555000
0000000000
0000000000
0000444400
0000000300
0000000300
0000000300
0000000020
0000000020

0000002200
0000000000
0000000000
3000000000
3000000000
3000040000
0000040000
5555540000
0000040000
0000033300

0000000000
0000044440
0000000000
5555500000
0003330333
0200000000
0200000000
0000000000
0000000000
0000000000

0000000000
0000003330
0000000004
0003000004
0003005004
0003005004
0000005000
0020005000
0020005000
0000000000

0000000000
0444400000
0000000000
0000000000
0000000000
5000000000
5000000230
5000000230
5003330030
5000000000

4444000000
0000000000
3330000000
0003330000
0000000000
0555550000
0220000000
0000000000
0000000000
0000000000

0000000000
0000000300
0000000300
0000000300
0000004444
0030000000
0032255555
0030000000
0000000000
0000000000

0000040000
0000040000
3000340000
3000340000
3000300000
0000055555
0000000000
0000002200
0000000000
0000000000

0000000000
0005555500
0000000000
0000000000
0000000022
0000333000
0333000000
0000000000
0000000000
0004444000

0000000000
0000000000
0040000050
3040000050
3040000050
3040000050
0000000050
0000000000
0000000000
2200000333

0000000000
3000000000
3000000030
3555550030
0000000030
0004444000
0000000000
0220000000
0000000000
0000000000

0040003330
0040000000
0040033300
0040000000
0000050000
0000050002
0000050002
0000050000
0000050000
0000000000

0000000000
0000000000
0004000000
0304000000
0304003000
0304503000
0000503000
0000500022
0000500000
0000500000

0000000000
0000000004
0000300004
0000300004
0000300204
0000000200
0000000000
3335555500
0000000000
0000000000

3000000000
3000000000
3055555000
0004000000
0024000000
0024000000
0004000300
0000000300
0000000300
0000000000

0000000000
0000044440
0000000000
0000000000
0000000000
5555500000
0333000000
0000000000
0000333000
0000022000

0000000000
0000000000
0000000000
0000000500
0000000500
0433300500
0400000500
0433320500
0400020000
0000000000

2333000000
2000000030
0055555030
0000000030
0004000000
0004000000
0004000000
0004000000
0000000000
0000000000

0000000300
0000000300
0000005300
0003005000
0003005000
0003005000
0000005000
0000444400
0000000002
0000000002

0555550000
0000000000
0003330000
4444000000
0000000000
0003330000
0000000000
0000000000
0000000220
0000000000

0033300000
0000000000
0000044440
2000000000
2000000000
0000000005
0033300005
0000000005
0000000005
0000000005

3005044440
3005000000
3005000000
0005333000
0005000000
0000000020
0000000020
0000000000
0000000000
0000000000

0200000000
0200000050
0000000050
0000000050
0444400050
0000000050
0000000000
0000000030
0000000030
0000033330

0500000000
0500000000
0500000000
0500003000
0500003000
0000003000
0000004000
0000004333
0000004000
2200004000

0000000000
0000000000
0003000000
0003000002
0003000002
0000000333
0005555500
0444400000
0000000000
0000000000

0003000000
0003555550
0003000000
0304000000
0304000000
0304022000
0004000000
0000000000
0000000000
0000000000

0000000400
0000000400
0000333402
0000000402
0000000000
0000000000
0000055555
0000000000
0000000333
0000000000

0000000000
0000000000
0000000000
0000000000
0000333000
0003330000
0000000040
0555550040
0000022040
0000000040

0000044440
0022000000
0000000000
0000000000
0000000000
0033300000
0000300000
0000300000
0000300000
5555500000

0000004444
0000000000
0000000000
0000000000
0000030000
0000030000
3000030000
3055555022
3000000000
0000000000

0000000000
0200000000
0200000000
0005044440
0005030000
0005030300
0005030300
0005000300
0000000000
0000000000

0220000000
0000000000
0000000000
0400000300
0400005300
0400005300
0400005000
0000005003
0000005003
0000000003

0000000050
0000000050
0000000050
0000000050
0000000050
0000000000
0000333000
3444400000
3000000000
3000000022

0000000000
0000000000
0002200000
0000000000
0000000000
0403000000
0403000003
0403000003
0400000003
0555550000

0000005000
0000005000
0000005000
0000035000
0002235000
0000030000
0000000000
0000000000
0000004444
0003330000

0000000000
0000050000
0000052000
0000352000
0000350000
0400350030
0400000030
0400000030
0400000000
0000000000

0000000000
0000000000
0000000500
0300000500
4300300500
4300300500
4000320500
4000020000
0000000000
0000000000

0000000000
0002200000
0000000050
0000000050
0000003050
0000003050
0000003050
0000444400
0000033300
0000000000

4005555500
4000000000
4000000000
4002200000
0003330000
0000000000
0000000000
0000000000
0000000000
3330000000

0000000000
0000030502
0000030502
0000030500
0400000500
0400000500
0400000000
0400000000
0000000000
3330000000

0000000030
5555500030
0000000030
0000000000
0000000040
0000000340
0000000340
0000000340
0000000220
0000000000

0000000000
0000000000
0000000000
5000000040
5000000040
5000300043
5000300043
5000300003
0022000000
0000000000

0000000000
0300000000
0300000000
0300000000
0500000000
0500000300
0500000300
0500000302
0500000002
0000004444

0000555550
0000000000
0022000000
0333000000
0000000000
0000000000
0004444000
0000000000
0003330000
0000000000

0000000000
0000000000
0005444400
0005200000
0005200000
0005000030
0005000030
0000000330
0000000300
0000000300

0000000000
0000030000
0000030000
0000030000
0000000000
0000555550
0000030400
0000230400
0000230400
0000000400

0000000400
0000000400
0000000400
0555550400
3330000000
0000020030
0000020030
0000000030
0000000000
0000000000

